myciel4.col
[0.019174814224243164, 0.025640249252319336, 0.03176283836364746, 0.016241073608398438, 0.010466575622558594, 0.01701498031616211, 0.020814895629882812, 0.020154714584350586, 0.017308473587036133, 0.017476797103881836, 0.01958632469177246, 0.0287783145904541, 0.011554241180419922, 0.017303943634033203, 0.017568349838256836, 0.023318767547607422, 0.016406536102294922, 0.01455235481262207, 0.016392946243286133, 0.020272493362426758, 0.018369197845458984, 0.03373456001281738, 0.015353918075561523, 0.016200542449951172, 0.01558685302734375, 0.010114669799804688, 0.021524667739868164, 0.019527673721313477, 0.013603925704956055, 0.016205310821533203, 0.015433311462402344, 0.014820337295532227, 0.01424407958984375, 0.00913095474243164, 0.02055978775024414, 0.0158998966217041, 0.014189958572387695, 0.027836084365844727, 0.01361227035522461, 0.018904924392700195, 0.018411636352539062, 0.014438152313232422, 0.015661001205444336, 0.01148366928100586, 0.019049882888793945, 0.015436410903930664, 0.026747941970825195, 0.01683187484741211, 0.021796226501464844, 0.024713516235351562]
[17, 22, 25, 14, 9, 12, 19, 17, 15, 15, 18, 25, 10, 13, 16, 19, 15, 10, 15, 16, 17, 31, 13, 14, 14, 7, 20, 16, 12, 14, 13, 13, 11, 7, 19, 12, 11, 23, 12, 15, 17, 11, 14, 9, 17, 14, 24, 14, 20, 21]
myciel3.col
[0.0017955303192138672, 0.0025234222412109375, 0.0022783279418945312, 0.003802061080932617, 0.0008981227874755859, 0.002988576889038086, 0.0017344951629638672, 0.002323150634765625, 0.0016171932220458984, 0.0008590221405029297, 0.0016751289367675781, 0.0015077590942382812, 0.0027599334716796875, 0.0014085769653320312, 0.0008635520935058594, 0.0036077499389648438, 0.0026803016662597656, 0.0033359527587890625, 0.003027677536010742, 0.0015749931335449219, 0.0029752254486083984, 0.0030264854431152344, 0.0016028881072998047, 0.0024521350860595703, 0.0022890567779541016, 0.001683950424194336, 0.005115032196044922, 0.0029306411743164062, 0.002306222915649414, 0.0030922889709472656, 0.003025531768798828, 0.0029807090759277344, 0.003047466278076172, 0.002275228500366211, 0.0008656978607177734, 0.0008530616760253906, 0.002388477325439453, 0.000865936279296875, 0.0008652210235595703, 0.0023009777069091797, 0.0016438961029052734, 0.003736257553100586, 0.006380796432495117, 0.004164457321166992, 0.001626729965209961, 0.002348661422729492, 0.003740549087524414, 0.0008902549743652344, 0.0008707046508789062, 0.001638174057006836]
[1, 2, 2, 4, 0, 3, 1, 2, 1, 0, 1, 0, 1, 0, 0, 3, 2, 3, 3, 1, 3, 3, 1, 2, 2, 1, 3, 2, 2, 3, 3, 3, 3, 2, 0, 0, 2, 0, 0, 2, 1, 2, 3, 3, 1, 2, 4, 0, 0, 1]
david.col
[0.38172149658203125, 2.3065905570983887, 2.763951063156128, 2.100299119949341, 4.075696706771851, 0.38585829734802246, 2.665440082550049, 0.4180314540863037, 2.842085838317871, 3.0785300731658936, 3.8011088371276855, 1.5424597263336182, 2.1998400688171387, 4.008708477020264, 3.7402431964874268, 0.4240241050720215, 1.2921037673950195, 3.9793169498443604, 1.4358370304107666, 0.5803799629211426, 1.0083897113800049, 2.144892454147339, 1.891902208328247, 0.6159732341766357, 3.085289239883423, 1.4604108333587646, 0.9185056686401367, 4.025818586349487, 1.1402792930603027, 1.8977220058441162, 0.6149179935455322, 1.2649686336517334, 0.9167640209197998, 3.1783828735351562, 1.006169080734253, 0.45542168617248535, 2.8595330715179443, 1.6380326747894287, 0.35776257514953613, 2.4908483028411865, 1.8449609279632568, 2.6275670528411865, 0.9823110103607178, 0.953622579574585, 3.722057819366455, 2.056884765625, 0.8281288146972656, 1.4620447158813477, 1.5972647666931152, 1.878199577331543]
[91, 566, 655, 495, 980, 91, 640, 97, 693, 745, 882, 373, 537, 987, 907, 98, 309, 939, 344, 138, 229, 519, 459, 149, 741, 355, 219, 982, 273, 456, 144, 292, 222, 779, 230, 102, 690, 384, 85, 602, 442, 628, 235, 231, 910, 498, 200, 341, 385, 444]
myciel6.col
[2.85042142868042, 3.6346731185913086, 2.4792697429656982, 0.5718348026275635, 0.512772798538208, 1.1730639934539795, 2.2879016399383545, 0.6453495025634766, 0.7532148361206055, 2.0615968704223633, 0.560950756072998, 0.5201764106750488, 1.0741257667541504, 0.7200427055358887, 1.9072017669677734, 0.8988640308380127, 0.4628429412841797, 0.5968413352966309, 0.775444746017456, 1.094055414199829, 0.943159818649292, 2.7759368419647217, 0.8864085674285889, 0.48409414291381836, 0.8259410858154297, 0.724172830581665, 1.1633796691894531, 0.6190621852874756, 1.7302148342132568, 3.798572540283203, 0.8154544830322266, 1.0175628662109375, 0.6605837345123291, 0.40505051612854004, 1.7180492877960205, 1.5983154773712158, 0.5676236152648926, 0.920121431350708, 1.9905142784118652, 0.6114895343780518, 0.9153356552124023, 1.4744946956634521, 0.5280745029449463, 0.8231470584869385, 0.5655040740966797, 2.116981267929077, 0.6200416088104248, 2.6258938312530518, 0.9897360801696777, 2.678070545196533]
[747, 953, 641, 143, 129, 298, 575, 160, 186, 513, 141, 129, 272, 183, 483, 231, 117, 151, 195, 277, 240, 731, 225, 121, 207, 185, 296, 154, 450, 963, 212, 256, 166, 101, 444, 416, 142, 227, 517, 149, 232, 380, 133, 211, 140, 537, 152, 663, 253, 703]
huck.col
[0.624380350112915, 0.2821469306945801, 0.33073925971984863, 0.1692962646484375, 1.4871594905853271, 0.13367438316345215, 0.19029879570007324, 0.1293010711669922, 0.12188124656677246, 0.4597187042236328, 0.37317395210266113, 0.2033863067626953, 0.305023193359375, 0.21729063987731934, 0.2557215690612793, 0.13502025604248047, 0.28801822662353516, 0.19083762168884277, 0.16960358619689941, 0.12789273262023926, 0.14161968231201172, 0.3023819923400879, 0.12812018394470215, 0.3905620574951172, 0.23879361152648926, 0.41351795196533203, 0.5287566184997559, 0.23190689086914062, 0.17473411560058594, 0.22704124450683594, 0.8007118701934814, 0.11857724189758301, 0.18265056610107422, 0.13882732391357422, 0.8229501247406006, 0.15497779846191406, 0.3855552673339844, 0.255756139755249, 0.24715495109558105, 0.31954073905944824, 0.1673870086669922, 0.12756967544555664, 0.227675199508667, 0.21796250343322754, 0.47444677352905273, 0.5248315334320068, 0.2156052589416504, 0.5880391597747803, 0.5186541080474854, 0.32108116149902344]
[183, 85, 100, 49, 453, 39, 55, 37, 32, 139, 110, 51, 91, 58, 75, 39, 83, 56, 48, 36, 40, 79, 36, 115, 70, 123, 160, 62, 50, 67, 242, 33, 53, 40, 248, 45, 112, 76, 71, 93, 49, 36, 67, 65, 142, 156, 62, 179, 153, 94]
queen5_5.col
[0.058915138244628906, 0.9587397575378418, 0.20639562606811523, 1.6130475997924805, 0.35512638092041016, 0.4224734306335449, 0.3848121166229248, 0.0978384017944336, 1.2652900218963623, 0.561384916305542, 1.9112327098846436, 0.4701056480407715, 0.15551066398620605, 0.4165511131286621, 0.13245320320129395, 0.7071940898895264, 0.46538639068603516, 0.6891026496887207, 0.193129301071167, 0.5797536373138428, 0.4898192882537842, 0.11519598960876465, 0.5292596817016602, 0.07435345649719238, 1.4624989032745361, 0.23537635803222656, 0.09674906730651855, 0.17923998832702637, 0.19923830032348633, 0.15144753456115723, 0.6788675785064697, 0.35118675231933594, 1.5749714374542236, 0.14388036727905273, 0.47518086433410645, 0.14905381202697754, 0.40578150749206543, 0.3743317127227783, 0.29978466033935547, 0.29954075813293457, 0.21571016311645508, 0.11712050437927246, 0.10938882827758789, 0.5818207263946533, 0.5713629722595215, 0.20358014106750488, 0.09133267402648926, 0.17206144332885742, 0.17002654075622559, 0.06099414825439453]
[28, 509, 106, 857, 175, 220, 202, 49, 676, 279, 965, 250, 78, 220, 67, 373, 246, 362, 99, 308, 260, 57, 282, 37, 784, 123, 49, 93, 103, 78, 359, 181, 845, 74, 238, 76, 213, 196, 157, 157, 112, 60, 56, 308, 302, 106, 46, 89, 88, 30]
myciel5.col
[0.3539276123046875, 0.06235194206237793, 0.08513712882995605, 0.22010254859924316, 0.06763815879821777, 0.10256195068359375, 0.12329316139221191, 0.06416606903076172, 0.0993642807006836, 0.09047436714172363, 0.06378507614135742, 0.09903788566589355, 0.07986736297607422, 0.09887313842773438, 0.08364057540893555, 0.22978615760803223, 0.10161423683166504, 0.09930539131164551, 0.24593186378479004, 0.06818056106567383, 0.1696312427520752, 0.08487486839294434, 0.08527970314025879, 0.08022832870483398, 0.08803367614746094, 0.1248936653137207, 0.07298588752746582, 0.14048099517822266, 0.10330939292907715, 0.059243202209472656, 0.08940601348876953, 0.11085772514343262, 0.20343494415283203, 0.12698006629943848, 0.08103704452514648, 0.06407570838928223, 0.08427882194519043, 0.16661548614501953, 0.10623860359191895, 0.09073591232299805, 0.23146986961364746, 0.08370280265808105, 0.06693291664123535, 0.10018062591552734, 0.06948423385620117, 0.08738374710083008, 0.06948995590209961, 0.18259239196777344, 0.0860600471496582, 0.12886857986450195]
[171, 29, 46, 118, 34, 52, 68, 33, 51, 49, 32, 54, 43, 53, 45, 131, 56, 54, 138, 36, 92, 45, 46, 42, 47, 67, 38, 78, 56, 29, 48, 58, 113, 70, 43, 34, 45, 93, 57, 50, 130, 44, 36, 55, 36, 47, 35, 103, 46, 73]
jean.col
[0.22109580039978027, 0.33802247047424316, 0.9490513801574707, 0.7918016910552979, 0.28998470306396484, 0.12523698806762695, 0.24462199211120605, 0.48940253257751465, 1.0935213565826416, 0.4806325435638428, 0.9839193820953369, 0.3554384708404541, 0.7384641170501709, 0.9733412265777588, 0.2694883346557617, 0.4472813606262207, 0.26895737648010254, 1.8842146396636963, 0.4587821960449219, 0.33292245864868164, 0.37674474716186523, 0.6781971454620361, 2.0610861778259277, 0.4228639602661133, 1.0191969871520996, 0.48038363456726074, 0.4180316925048828, 0.8043735027313232, 0.2683873176574707, 0.4978909492492676, 0.12069010734558105, 0.3012423515319824, 0.2382359504699707, 0.9115948677062988, 0.5232899188995361, 0.6533036231994629, 2.69751238822937, 0.23575043678283691, 0.5041427612304688, 0.5205588340759277, 0.2330491542816162, 0.23491191864013672, 0.21733975410461426, 0.40567755699157715, 0.26795434951782227, 0.8508932590484619, 0.8947327136993408, 0.4715449810028076, 0.19688916206359863, 0.5083093643188477]
[70, 110, 316, 262, 95, 40, 79, 163, 366, 158, 323, 117, 239, 315, 87, 144, 88, 627, 151, 99, 126, 221, 692, 137, 338, 154, 137, 271, 88, 158, 38, 97, 77, 300, 175, 216, 911, 76, 164, 172, 77, 77, 71, 133, 89, 287, 294, 154, 60, 157]
games120.col
[0.8381750583648682, 1.042285442352295, 0.9411346912384033, 1.7116098403930664, 0.9414970874786377, 1.0428760051727295, 1.168818473815918, 1.0791809558868408, 1.5018229484558105, 0.7702653408050537, 1.3129878044128418, 0.7278709411621094, 1.735795021057129, 0.7531540393829346, 1.2223479747772217, 0.8318822383880615, 0.7453901767730713, 0.7502529621124268, 1.0854120254516602, 1.2225451469421387, 0.8117766380310059, 0.6410067081451416, 1.3007619380950928, 2.7494657039642334, 1.0568349361419678, 0.8347733020782471, 0.9401211738586426, 0.8884067535400391, 1.2182228565216064, 1.2737655639648438, 1.8098094463348389, 0.8708376884460449, 0.8274850845336914, 0.770329475402832, 0.609935998916626, 0.6023688316345215, 0.7113540172576904, 1.1550676822662354, 1.1789965629577637, 1.5255036354064941, 0.8413887023925781, 0.9054107666015625, 1.5274608135223389, 1.1649267673492432, 1.0011966228485107, 1.1963238716125488, 0.8990697860717773, 0.6331005096435547, 0.6898856163024902, 1.022719144821167]
[135, 167, 148, 286, 156, 173, 195, 178, 251, 126, 219, 121, 287, 125, 204, 139, 124, 123, 178, 195, 132, 105, 215, 459, 176, 138, 155, 146, 194, 213, 295, 143, 137, 126, 101, 98, 117, 191, 194, 252, 137, 149, 257, 194, 166, 200, 145, 105, 113, 169]