myciel4.col
[0.029946565628051758, 0.007505893707275391, 0.012823104858398438, 0.012339353561401367, 0.019682645797729492, 0.01760077476501465, 0.01579880714416504, 0.03419637680053711, 0.0234677791595459, 0.02661919593811035, 0.013542890548706055, 0.022909879684448242, 0.017316102981567383, 0.021370410919189453, 0.014284849166870117, 0.01591038703918457, 0.0066051483154296875, 0.02605462074279785, 0.03100299835205078, 0.011985301971435547, 0.01151132583618164, 0.010020971298217773, 0.017521381378173828, 0.02826070785522461, 0.018571853637695312, 0.0157928466796875, 0.009739875793457031, 0.02090764045715332, 0.00554203987121582, 0.021538257598876953, 0.008702754974365234, 0.043936967849731445, 0.014265060424804688, 0.006661653518676758, 0.02256011962890625, 0.02205657958984375, 0.0250399112701416, 0.00410151481628418, 0.005133628845214844, 0.02578449249267578, 0.03423881530761719, 0.016297101974487305, 0.011669397354125977, 0.010335922241210938, 0.023648977279663086, 0.022389888763427734, 0.010996341705322266, 0.024352550506591797, 0.014742374420166016, 0.031768798828125]
[10, 4, 6, 4, 7, 6, 6, 10, 6, 8, 5, 7, 6, 6, 6, 5, 4, 7, 8, 5, 5, 4, 6, 8, 6, 6, 4, 8, 3, 8, 4, 12, 5, 3, 7, 7, 8, 2, 3, 7, 10, 6, 4, 4, 8, 7, 5, 7, 8, 10]
myciel3.col
[0.002813100814819336, 0.0025823116302490234, 0.002683877944946289, 0.0028607845306396484, 0.003206968307495117, 0.0035369396209716797, 0.0031239986419677734, 0.0028955936431884766, 0.0008749961853027344, 0.0030019283294677734, 0.002810239791870117, 0.0029311180114746094, 0.0028057098388671875, 0.0026488304138183594, 0.0008709430694580078, 0.0027015209197998047, 0.002642393112182617, 0.0038831233978271484, 0.0036020278930664062, 0.002855062484741211, 0.0027942657470703125, 0.0029761791229248047, 0.0008540153503417969, 0.0028989315032958984, 0.002818584442138672, 0.0029435157775878906, 0.002939939498901367, 0.0008821487426757812, 0.0026972293853759766, 0.00409698486328125, 0.003282308578491211, 0.002602815628051758, 0.002735614776611328, 0.002827167510986328, 0.0027666091918945312, 0.0008463859558105469, 0.0029296875, 0.0029315948486328125, 0.0028982162475585938, 0.0026607513427734375, 0.002959728240966797, 0.002962827682495117, 0.003408670425415039, 0.002809762954711914, 0.0008645057678222656, 0.002852916717529297, 0.002747058868408203, 0.0026428699493408203, 0.0025882720947265625, 0.0008440017700195312]
[1, 1, 1, 1, 1, 1, 1, 1, 0, 1, 1, 1, 1, 1, 0, 1, 1, 1, 1, 1, 1, 1, 0, 1, 1, 1, 1, 0, 1, 1, 1, 1, 1, 1, 1, 0, 1, 1, 1, 1, 1, 1, 1, 1, 0, 1, 1, 1, 1, 0]
david.col
[3.1848883628845215, 0.32239294052124023, 1.1464040279388428, 0.18297338485717773, 0.22673487663269043, 0.23951005935668945, 0.2390151023864746, 15.961567401885986, 1.0802192687988281, 11.564365863800049, 1.1787760257720947, 1.8614764213562012, 5.891677379608154, 1.3264949321746826, 1.7746858596801758, 3.2997612953186035, 23.89879012107849, 0.1908397674560547, 4.507166624069214, 0.1421661376953125, 8.856494903564453, 14.381657361984253, 4.214048862457275, 2.8407793045043945, 0.09728050231933594, 1.122044563293457, 5.2792441844940186, 1.2378489971160889, 1.9552826881408691, 3.2641892433166504, 2.4226133823394775, 3.6920478343963623, 1.180375576019287, 1.9573445320129395, 10.63175082206726, 5.406568288803101, 3.1290132999420166, 0.15442824363708496, 1.890634536743164, 5.495265007019043, 6.661668300628662, 0.3626859188079834, 2.515504837036133, 12.489646673202515, 0.22275424003601074, 5.893500566482544, 2.5865652561187744, 0.7073001861572266, 2.1099772453308105, 0.6008076667785645]
[139, 27, 54, 24, 23, 30, 26, 514, 56, 460, 65, 97, 210, 74, 84, 150, 976, 27, 169, 22, 331, 518, 188, 138, 20, 66, 235, 63, 96, 137, 112, 163, 70, 92, 442, 227, 151, 22, 83, 235, 282, 30, 93, 521, 26, 269, 120, 58, 113, 42]
myciel6.col
[40.53997731208801, 5.279474496841431, 13.834216833114624, 0.4826686382293701, 9.043976783752441, 1.274404525756836, 22.9407057762146, 6.9063615798950195, 23.409835815429688, 0.5548770427703857, 1.5165092945098877, 0.7797784805297852, 1.386063814163208, 7.168926239013672, 2.985248565673828, 8.224418640136719, 0.761488676071167, 5.1436240673065186, 32.093530893325806, 1.2646472454071045, 0.6116585731506348, 1.0565593242645264, 0.8769888877868652, 2.4289259910583496, 0.5818736553192139, 0.8813073635101318, 0.6081583499908447, 1.2267823219299316, 0.8969495296478271, 2.6397664546966553, 3.687321901321411, 1.8074851036071777, 0.49352240562438965, 18.44595980644226, 32.70216774940491, 0.8713347911834717, 2.4910409450531006, 30.36480474472046, 25.827628135681152, 21.858869075775146, 1.2779157161712646, 0.470350980758667, 1.4334440231323242, 1.5707144737243652, 1.501718521118164, 5.4802162647247314, 0.4989337921142578, 1.8788440227508545, 2.1419923305511475, 7.369754314422607]
[916, 149, 356, 54, 251, 81, 561, 209, 606, 68, 93, 63, 75, 248, 111, 245, 67, 146, 745, 67, 73, 74, 69, 116, 69, 88, 61, 78, 69, 116, 126, 89, 50, 440, 825, 62, 110, 639, 662, 543, 71, 58, 76, 84, 89, 176, 48, 95, 89, 223]
huck.col
[0.13605403900146484, 0.15360021591186523, 0.13247179985046387, 0.0916903018951416, 0.14513683319091797, 0.15038013458251953, 0.16962599754333496, 0.48294830322265625, 0.14618325233459473, 0.4470953941345215, 0.13322854042053223, 0.22060346603393555, 0.26096224784851074, 0.061762332916259766, 0.10923242568969727, 0.1645650863647461, 0.11144137382507324, 0.11361956596374512, 0.1244964599609375, 0.15398573875427246, 0.15439248085021973, 0.4922184944152832, 0.242323637008667, 0.2482314109802246, 0.34778904914855957, 0.3847951889038086, 0.10983109474182129, 0.13311338424682617, 0.1784803867340088, 0.23729729652404785, 0.10162043571472168, 0.0929558277130127, 0.07840347290039062, 0.0996389389038086, 0.05355191230773926, 0.24439668655395508, 0.11111092567443848, 0.16038894653320312, 0.10239601135253906, 0.10780620574951172, 0.1434943675994873, 0.1502699851989746, 0.045560359954833984, 0.16139554977416992, 0.9955868721008301, 0.10319280624389648, 0.2633063793182373, 0.9862053394317627, 0.18767714500427246, 0.1231069564819336]
[22, 20, 16, 16, 19, 24, 19, 29, 20, 38, 22, 21, 22, 12, 19, 24, 20, 19, 23, 21, 22, 34, 23, 23, 27, 31, 19, 19, 20, 27, 15, 17, 17, 15, 13, 23, 19, 20, 19, 17, 21, 20, 11, 20, 59, 19, 25, 56, 21, 19]
queen5_5.col
[0.03877568244934082, 0.04018568992614746, 0.051484107971191406, 0.26892876625061035, 0.6313540935516357, 1.2684381008148193, 0.06927299499511719, 0.07478690147399902, 0.08365178108215332, 0.049019575119018555, 0.34900903701782227, 0.3266136646270752, 0.0961008071899414, 0.1538248062133789, 0.3063545227050781, 0.6275463104248047, 0.1039576530456543, 0.05703330039978027, 0.04258394241333008, 0.18219757080078125, 0.13695430755615234, 0.14414143562316895, 1.4575443267822266, 0.05537009239196777, 0.19757676124572754, 0.0587310791015625, 0.06746196746826172, 0.3601095676422119, 0.14625024795532227, 0.05437660217285156, 0.966008186340332, 0.5326375961303711, 0.04457521438598633, 0.05069565773010254, 1.0541996955871582, 0.06151175498962402, 0.11549901962280273, 0.5253417491912842, 0.06498026847839355, 0.08937692642211914, 1.0763332843780518, 0.3785879611968994, 0.09936165809631348, 0.07396388053894043, 0.1602029800415039, 0.04522085189819336, 0.12726330757141113, 0.2875707149505615, 0.33547186851501465, 0.07921743392944336]
[16, 17, 23, 135, 323, 658, 32, 35, 40, 21, 174, 166, 46, 75, 155, 321, 46, 17, 19, 89, 64, 65, 751, 20, 99, 25, 32, 174, 71, 25, 497, 263, 20, 22, 546, 22, 52, 263, 30, 43, 547, 193, 44, 30, 78, 21, 63, 145, 170, 32]
myciel5.col
[0.2955324649810791, 0.15883564949035645, 0.17204737663269043, 0.21258020401000977, 0.07434368133544922, 0.11177444458007812, 0.38300561904907227, 0.09124183654785156, 0.12749505043029785, 0.1388559341430664, 0.3523886203765869, 0.15815305709838867, 0.23615121841430664, 0.18099403381347656, 0.08844256401062012, 1.3158812522888184, 0.187208890914917, 0.16365575790405273, 0.12328863143920898, 0.23156499862670898, 0.16550588607788086, 0.14121317863464355, 0.11425495147705078, 0.6061904430389404, 0.11778640747070312, 0.5796205997467041, 0.20794916152954102, 0.09551143646240234, 3.5382139682769775, 0.6379473209381104, 0.18693232536315918, 0.12274765968322754, 0.14689016342163086, 0.3902435302734375, 0.15496158599853516, 0.2138519287109375, 0.06382393836975098, 0.24144601821899414, 0.1925058364868164, 0.29203367233276367, 0.19532394409179688, 0.09388971328735352, 0.38921594619750977, 0.13763046264648438, 0.3004419803619385, 0.13087725639343262, 0.179396390914917, 0.17321276664733887, 0.10562324523925781, 0.11196494102478027]
[35, 21, 25, 30, 17, 25, 46, 21, 23, 23, 41, 27, 32, 27, 20, 92, 30, 24, 19, 32, 25, 21, 20, 61, 25, 47, 30, 23, 223, 49, 26, 24, 31, 35, 22, 29, 17, 26, 25, 35, 27, 20, 38, 21, 34, 22, 24, 25, 16, 25]
jean.col
[2.276801109313965, 0.1627943515777588, 0.10042881965637207, 0.11740970611572266, 0.9004318714141846, 0.21504592895507812, 0.7849597930908203, 0.26099181175231934, 0.13969922065734863, 0.18352842330932617, 0.20155739784240723, 0.10605859756469727, 0.10720252990722656, 0.08736824989318848, 0.06835198402404785, 0.11362910270690918, 0.11179447174072266, 0.0760035514831543, 2.5565426349639893, 0.4829697608947754, 0.08367156982421875, 2.8850975036621094, 1.4200527667999268, 0.13915538787841797, 0.07829689979553223, 0.26196837425231934, 0.1920485496520996, 0.08193397521972656, 0.2810397148132324, 0.09397029876708984, 0.09023714065551758, 1.405907392501831, 8.665922164916992, 0.4780464172363281, 0.19974255561828613, 2.212643623352051, 0.1193692684173584, 0.14428472518920898, 0.21413850784301758, 2.29781174659729, 1.3684604167938232, 0.11854696273803711, 15.992552042007446, 2.7160592079162598, 8.26821780204773, 0.4776573181152344, 0.20533037185668945, 1.581066370010376, 0.16666197776794434, 0.38068294525146484]
[127, 21, 16, 21, 57, 24, 58, 24, 17, 24, 22, 19, 18, 16, 15, 15, 17, 14, 150, 39, 16, 159, 76, 17, 15, 26, 25, 16, 27, 21, 18, 77, 456, 37, 24, 127, 23, 20, 24, 131, 85, 17, 860, 155, 438, 34, 23, 91, 18, 35]
games120.col
[0.415712833404541, 0.7698700428009033, 0.37578320503234863, 0.35567450523376465, 0.5154094696044922, 0.4734151363372803, 1.1526780128479004, 0.3428001403808594, 0.3292369842529297, 0.2737410068511963, 3.631842851638794, 1.1281344890594482, 0.3860454559326172, 0.5926351547241211, 1.2116713523864746, 0.3413083553314209, 0.28484296798706055, 0.2889590263366699, 0.4479331970214844, 0.3174107074737549, 0.3739616870880127, 0.36204075813293457, 0.5457324981689453, 1.3698599338531494, 4.832177400588989, 1.7379646301269531, 0.3741743564605713, 3.5551917552948, 0.3373870849609375, 0.36338138580322266, 0.4404768943786621, 0.2680370807647705, 0.5014333724975586, 0.4862396717071533, 1.0585618019104004, 2.921679973602295, 0.5302791595458984, 0.5040714740753174, 0.28772997856140137, 9.206162214279175, 0.6419148445129395, 0.31175804138183594, 0.25812458992004395, 0.33060622215270996, 0.5151946544647217, 0.42214465141296387, 0.3700690269470215, 0.30959248542785645, 1.7054860591888428, 0.32852888107299805]
[42, 46, 40, 42, 38, 45, 61, 40, 39, 33, 120, 67, 41, 44, 61, 39, 34, 37, 40, 39, 37, 41, 44, 63, 162, 77, 37, 123, 39, 37, 40, 35, 41, 41, 58, 105, 42, 48, 35, 244, 48, 37, 37, 38, 43, 45, 34, 37, 75, 38]